AAC_A,AAC_C,AAC_D,AAC_E,AAC_F,AAC_G,AAC_H,AAC_I,AAC_K,AAC_L,AAC_M,AAC_N,AAC_P,AAC_Q,AAC_R,AAC_S,AAC_T,AAC_V,AAC_W,AAC_Y
5.43,5.07,4.71,7.97,6.52,4.35,2.17,3.62,5.07,10.87,3.99,2.9,6.16,1.81,5.07,6.88,5.43,7.97,0.0,3.99
9.09,0.0,4.55,5.45,3.64,7.27,0.91,4.55,18.18,9.09,2.73,4.55,5.45,1.82,6.36,5.45,2.73,4.55,0.0,3.64
16.86,2.33,1.74,3.49,3.49,8.72,1.16,2.91,2.33,2.33,2.33,4.07,11.63,5.23,4.65,14.53,4.65,4.65,0.58,2.33
3.16,1.05,3.16,10.53,3.16,3.16,1.05,5.26,6.32,9.47,2.11,5.26,6.32,2.11,4.21,16.84,8.42,5.26,1.05,2.11
7.02,4.52,5.83,5.6,2.5,8.21,2.98,6.43,5.24,6.67,2.86,4.05,3.81,2.86,5.48,13.45,4.64,5.36,0.95,1.55
3.75,5.0,7.5,6.25,4.38,3.12,6.88,1.88,5.62,11.25,1.88,3.12,8.75,6.25,3.75,5.0,6.88,3.75,1.25,3.75
3.54,4.42,6.19,2.65,3.54,3.54,6.19,6.19,9.73,7.96,5.31,4.42,4.42,2.65,6.19,7.96,7.96,3.54,0.0,3.54
3.99,2.56,5.98,5.98,4.56,3.99,3.99,7.98,5.13,9.97,2.28,4.56,4.56,6.84,4.84,5.98,6.84,5.98,0.0,3.99
5.23,1.39,7.67,4.88,5.23,5.57,2.44,8.71,8.71,6.27,3.48,5.92,3.48,3.14,3.48,5.92,4.88,5.23,0.35,8.01
5.01,1.6,6.18,8.31,5.43,4.9,0.85,9.16,6.39,11.71,3.3,4.58,2.77,2.66,3.73,9.37,4.26,4.58,0.32,4.9
1.31,0.65,12.42,5.23,3.27,5.23,1.96,5.88,9.15,10.46,1.96,5.88,3.92,3.92,1.31,9.8,5.23,8.5,1.96,1.96
14.47,0.0,5.66,9.43,2.52,5.66,2.52,1.26,3.77,11.32,3.14,1.26,3.77,3.77,13.21,6.29,1.89,6.92,1.89,1.26
4.5,0.9,3.6,6.31,1.8,3.6,0.9,10.81,9.91,10.81,2.7,5.41,2.7,3.6,2.7,12.61,4.5,4.5,0.0,8.11
5.81,1.16,5.81,13.95,0.0,3.49,1.16,8.14,4.65,11.63,4.65,6.98,1.16,3.49,4.65,9.3,1.16,9.3,1.16,2.33
7.87,0.29,8.16,9.12,5.28,6.05,2.11,4.99,8.16,7.49,2.21,4.13,4.03,2.59,6.14,6.24,5.28,7.01,0.86,2.02
1.04,0.52,4.15,8.29,8.29,1.04,0.0,15.03,9.84,15.54,1.55,10.88,1.55,3.11,2.07,6.22,5.18,2.07,0.0,3.63
8.55,0.0,10.53,13.82,2.63,5.26,1.97,5.26,11.18,3.95,1.32,5.92,3.29,1.97,1.97,3.95,3.95,11.18,0.66,2.63
6.47,0.72,6.47,5.76,2.88,7.19,3.6,5.76,7.19,5.04,2.88,5.76,6.47,2.88,2.88,12.23,1.44,7.91,2.16,4.32
7.69,2.4,0.96,2.88,3.37,3.37,3.37,2.4,10.58,10.58,2.4,4.33,5.77,4.81,8.65,15.38,6.25,3.37,0.96,0.48
3.08,12.82,3.59,6.15,2.56,9.23,2.05,3.08,7.18,6.67,2.05,6.15,3.08,5.13,5.64,10.26,4.62,2.56,1.54,2.56
3.48,1.99,4.98,10.45,1.99,3.98,3.48,2.49,7.96,10.45,1.49,6.47,2.49,7.96,7.46,11.44,6.97,2.49,1.0,1.0
14.27,0.5,7.24,6.63,4.52,6.43,2.21,4.22,1.91,11.26,2.11,1.41,4.52,4.42,9.55,4.62,4.72,6.23,0.9,2.31
3.0,0.9,7.51,6.01,5.11,2.4,2.4,12.61,10.51,6.31,2.1,9.31,0.9,3.3,5.71,6.01,1.5,6.01,0.6,7.81
5.9,1.77,6.72,7.9,4.36,4.83,2.36,6.13,7.78,8.02,2.36,4.36,5.31,3.3,5.66,6.37,5.66,7.19,0.94,3.07
6.49,2.68,5.59,4.47,4.92,5.15,3.13,4.03,6.04,10.74,1.34,4.47,5.82,4.25,6.49,5.82,4.47,7.16,2.91,4.03
9.87,1.87,4.8,6.13,3.47,10.93,1.6,5.87,7.47,8.27,1.6,3.2,4.0,3.47,2.93,6.67,4.0,9.07,1.07,3.73
8.82,1.62,3.02,2.32,6.73,8.82,0.46,9.51,4.64,12.99,3.48,3.02,6.96,3.48,2.55,5.57,4.64,8.12,1.16,2.09
9.62,0.0,4.49,4.49,3.85,3.21,2.56,4.49,5.13,7.69,3.21,4.49,10.9,2.56,11.54,5.13,5.13,7.69,3.21,0.64
10.29,0.41,7.82,10.7,3.7,4.94,2.88,2.47,6.17,9.88,2.47,2.06,3.7,4.53,5.76,4.12,3.7,8.23,1.65,4.53
2.54,1.4,5.08,4.95,5.96,2.79,2.28,8.5,8.63,10.91,2.54,11.04,2.92,3.05,1.65,8.38,4.95,3.43,1.52,7.49
3.19,1.7,5.29,7.29,5.99,4.79,3.09,8.38,8.28,9.28,2.3,7.49,2.69,3.29,3.49,7.49,4.39,7.29,0.5,3.79
4.62,4.62,1.54,4.62,3.08,4.62,1.54,3.08,4.62,21.54,3.08,3.08,6.15,3.08,4.62,6.15,4.62,12.31,1.54,1.54
9.02,0.82,3.69,8.61,4.1,6.56,5.33,6.97,6.15,12.3,2.46,5.74,2.46,3.28,2.87,5.74,5.74,6.56,0.41,1.23
12.17,1.12,7.55,5.73,2.38,6.99,3.5,4.62,1.4,11.89,2.1,1.82,6.15,3.22,9.09,5.45,3.78,8.39,1.4,1.26
2.34,1.3,3.9,1.3,10.39,5.97,2.6,11.69,9.35,12.21,1.3,6.23,2.34,1.56,1.56,4.42,4.94,6.75,3.12,6.75
4.12,1.8,5.41,5.67,5.93,4.9,3.35,5.67,3.35,7.99,2.06,2.06,10.05,4.64,4.38,8.25,8.76,7.99,1.29,2.32
4.77,2.19,3.38,8.95,2.98,7.16,3.98,5.17,3.78,6.36,2.39,3.98,6.36,5.37,7.16,10.34,5.57,7.36,0.6,2.19
3.29,0.62,6.58,10.29,4.12,4.73,0.82,10.29,14.81,12.96,1.23,5.14,3.09,1.03,4.12,5.14,3.09,4.12,0.41,4.12
5.15,6.7,5.67,4.12,2.58,7.22,2.58,5.67,5.15,9.79,3.61,2.58,3.09,4.64,4.12,4.64,7.73,8.76,1.03,5.15
2.74,1.04,2.64,5.19,2.45,2.92,3.02,5.47,5.19,7.45,1.51,16.98,4.53,8.4,3.96,11.32,8.49,4.25,0.38,2.08
5.95,2.38,3.17,2.38,5.56,4.37,1.59,13.89,13.1,9.52,1.59,10.32,1.98,3.17,1.19,6.75,4.37,4.76,0.0,3.97
3.33,0.83,6.67,6.67,5.83,3.33,1.67,9.17,6.67,10.0,6.67,2.5,5.83,5.83,9.17,5.83,5.0,0.83,1.67,2.5
3.81,2.03,7.36,6.85,5.58,5.08,2.03,5.33,14.47,5.08,2.03,3.55,4.06,2.03,5.33,12.94,3.81,5.84,0.76,2.03
7.88,0.86,4.87,8.02,2.58,5.59,3.3,6.02,6.45,8.6,2.72,3.72,7.45,4.3,6.16,6.3,5.16,5.73,1.0,3.3
7.14,0.65,6.49,9.09,2.6,4.55,0.65,12.34,9.09,11.04,0.65,6.49,1.95,4.55,3.25,5.19,4.55,7.14,0.65,1.95
7.62,0.69,4.16,1.15,6.0,5.77,1.39,5.08,2.77,8.08,2.77,9.7,4.16,5.08,1.62,10.16,8.31,7.39,2.31,5.77
7.97,1.08,1.29,4.09,6.47,9.91,0.65,12.07,4.09,11.21,4.31,3.02,3.23,1.94,3.02,7.54,5.6,7.97,1.94,2.59
7.44,3.31,4.13,13.22,3.31,7.44,0.83,6.61,3.31,6.61,1.65,2.48,3.31,2.48,8.26,4.13,5.79,9.92,1.65,4.13
12.09,0.0,6.59,8.79,1.1,5.49,1.1,7.69,14.29,7.69,4.4,4.4,0.0,2.2,0.0,6.59,7.69,6.59,0.0,3.3
3.85,0.96,2.88,3.85,7.69,5.77,1.92,10.58,8.65,8.65,7.69,7.69,5.77,0.96,3.85,3.85,4.81,6.73,0.0,3.85
4.75,1.07,5.33,4.07,5.43,4.84,2.13,8.14,5.52,12.11,2.23,5.33,5.14,2.91,3.78,8.53,5.91,6.4,1.55,4.84
13.57,0.39,3.49,4.65,2.71,8.53,1.94,3.1,0.78,17.44,1.16,1.55,5.81,4.65,12.02,5.04,4.65,5.43,2.71,0.39
6.89,1.6,7.05,8.49,2.08,4.97,1.6,4.81,8.49,11.86,2.72,4.01,3.04,5.13,6.57,6.09,4.65,6.41,0.48,3.04
2.97,0.0,3.96,10.56,3.96,6.6,2.64,6.6,6.93,9.24,2.31,6.93,3.3,3.63,2.64,7.92,4.95,6.6,0.99,7.26
7.19,1.03,4.11,7.53,3.77,7.19,1.71,5.82,7.53,6.16,5.14,6.51,3.77,4.11,4.11,5.82,5.48,6.85,1.37,4.79
8.31,1.23,8.0,6.77,3.08,8.0,3.08,5.85,2.46,12.62,1.85,1.54,4.31,2.46,10.46,4.0,3.08,10.15,0.62,2.15
8.1,0.7,6.69,3.87,2.46,7.75,1.76,8.1,5.28,11.27,1.76,4.23,4.93,3.87,3.87,8.45,5.99,5.99,1.41,3.52
4.4,0.93,5.79,9.95,7.18,7.18,2.08,4.86,7.41,11.11,1.39,4.4,3.7,1.16,6.02,7.87,3.01,6.94,0.69,3.94
0.0,0.0,17.95,10.26,10.26,6.41,0.0,3.85,2.56,1.28,12.82,2.56,8.97,5.13,3.85,5.13,0.0,2.56,1.28,5.13
13.72,1.88,5.45,4.51,3.95,8.27,1.69,4.14,4.51,7.33,2.07,3.2,4.7,4.51,5.83,6.58,4.89,9.4,1.69,1.69
5.18,1.25,4.46,10.0,4.11,4.46,2.5,7.14,7.32,10.54,3.39,3.57,3.04,4.46,4.46,7.14,5.18,5.18,1.79,4.82
4.37,0.0,7.28,4.85,2.91,6.31,2.91,5.34,7.28,10.68,1.46,4.85,5.34,5.83,4.85,5.83,6.31,7.28,1.94,4.37
6.45,0.0,2.15,5.38,3.23,8.6,1.08,4.3,11.83,7.53,2.15,6.45,6.45,1.08,4.3,4.3,9.68,3.23,1.08,10.75
6.84,1.23,5.62,7.05,2.96,7.25,2.25,4.29,5.01,10.52,1.12,4.9,5.92,3.68,4.6,9.09,4.39,10.01,1.12,2.15
2.06,0.52,9.54,8.51,2.84,4.9,1.8,3.35,13.4,4.38,1.8,4.12,5.15,2.06,2.06,16.49,10.05,4.9,0.26,1.8
9.09,0.0,1.14,0.0,7.95,2.27,0.0,10.23,1.14,18.18,9.09,2.27,2.27,2.27,2.27,7.95,9.09,7.95,4.55,2.27
8.62,0.78,3.13,3.92,4.7,5.22,5.74,6.01,5.74,11.49,1.57,3.39,4.96,3.13,4.7,4.7,9.66,5.74,2.35,4.44
8.0,1.6,10.4,12.0,9.6,1.6,0.0,3.2,8.0,12.8,0.8,4.8,0.0,3.2,1.6,4.8,3.2,4.8,3.2,6.4
3.68,1.5,5.18,6.1,5.41,3.91,2.88,7.94,8.4,9.67,2.19,5.52,3.8,4.49,5.52,8.86,5.75,4.95,1.04,3.22
8.98,1.8,5.69,5.39,2.69,5.69,3.89,5.09,2.1,12.57,1.8,2.99,5.39,5.99,7.19,7.78,4.79,6.29,0.9,2.99
6.44,1.29,6.19,6.7,2.84,6.44,3.61,10.82,3.61,10.05,1.8,6.19,2.32,5.93,5.41,6.44,5.41,4.9,0.26,3.35
8.67,1.48,7.38,4.06,4.98,9.41,3.51,2.95,4.8,7.75,1.66,4.43,5.17,3.14,4.24,7.2,4.8,8.67,2.95,2.77
4.55,0.91,3.64,10.0,5.45,7.27,2.73,7.27,10.0,5.45,5.45,5.45,0.0,3.64,2.73,0.0,10.0,9.09,3.64,2.73
3.68,3.68,3.68,3.68,11.03,3.68,0.74,4.41,0.74,16.18,2.21,3.68,8.82,2.21,4.41,16.91,4.41,2.94,1.47,1.47
7.23,3.61,2.41,6.02,3.61,2.41,2.41,3.61,3.61,12.05,4.82,4.82,4.82,6.02,10.84,6.02,7.23,4.82,0.0,3.61
3.24,2.31,8.8,6.02,5.09,6.02,2.78,6.48,7.87,6.48,2.78,4.63,5.09,3.24,4.63,8.33,3.7,4.17,3.7,4.63
11.34,0.82,5.98,4.74,4.12,7.84,1.03,6.6,1.65,8.87,1.86,4.12,7.42,4.12,5.36,7.84,5.77,6.6,1.86,2.06
8.23,1.5,4.12,6.17,4.12,7.3,2.71,5.24,4.58,10.66,2.71,2.06,6.74,4.58,6.36,6.92,5.24,6.45,1.59,2.71
3.67,1.43,3.87,6.31,4.89,3.87,2.85,9.98,10.39,10.18,1.63,8.76,3.26,3.46,3.67,7.33,3.87,4.89,2.04,3.67
6.29,2.86,11.43,6.29,1.71,8.0,2.86,4.57,5.14,2.86,1.14,3.43,6.29,2.29,9.71,12.57,7.43,2.86,0.57,1.71
11.36,1.89,3.79,3.47,3.47,7.89,1.89,3.79,2.52,8.52,2.52,6.94,3.15,3.15,5.36,8.2,9.78,5.68,0.95,5.68
4.62,0.0,5.04,7.98,4.62,4.2,2.1,5.46,15.55,9.66,1.26,2.52,3.78,5.04,7.56,4.62,5.04,7.14,0.42,3.36
9.65,0.79,5.85,6.33,4.43,5.85,3.01,5.85,2.37,6.01,1.27,4.11,6.8,4.11,5.38,9.18,5.85,7.44,2.06,3.64
7.83,2.33,7.5,7.83,2.83,8.33,4.0,3.83,6.0,8.0,1.83,2.33,4.83,3.33,5.0,11.0,4.33,5.5,1.0,2.33
10.68,0.71,6.05,7.47,2.14,7.12,2.49,4.27,1.78,10.32,4.27,3.56,5.34,7.12,6.76,5.34,4.98,5.69,2.49,1.42
6.8,1.48,3.85,7.99,4.44,8.88,2.07,6.21,6.51,12.13,2.96,3.55,5.03,2.96,3.55,6.21,4.73,7.4,0.59,2.66
13.89,5.56,4.17,1.39,0.0,5.56,4.17,1.39,9.72,5.56,2.78,4.17,5.56,6.94,8.33,8.33,2.78,8.33,0.0,1.39
6.45,4.52,4.52,7.74,2.58,8.39,2.9,5.16,5.81,10.32,1.61,4.19,4.52,3.87,5.48,3.87,3.23,8.71,0.97,5.16
12.07,0.25,7.64,12.32,1.48,7.14,0.99,4.19,2.22,11.82,2.22,1.23,2.96,4.19,8.87,6.4,4.93,8.13,0.49,0.49
5.57,1.01,5.82,8.1,6.33,6.58,1.77,6.58,9.87,8.35,3.04,3.04,3.04,2.78,4.56,7.85,5.57,7.09,0.25,2.78
9.89,1.41,2.12,3.53,6.71,7.77,1.41,6.01,6.71,10.25,3.53,2.12,4.59,3.53,3.89,8.48,6.36,6.71,0.71,4.24
12.69,2.03,5.08,2.03,1.52,7.11,4.06,4.06,1.52,12.69,2.03,3.55,7.11,2.03,8.63,3.05,6.6,9.14,3.55,1.52
10.88,0.52,7.25,13.86,2.85,4.79,1.94,4.15,7.64,9.72,1.55,3.89,0.65,4.02,4.4,10.1,6.61,4.02,0.13,1.04
14.56,1.29,5.83,7.77,2.59,7.77,2.59,4.53,1.62,10.03,0.65,0.65,6.15,3.56,9.71,3.56,3.88,9.39,2.59,1.29
9.9,0.81,2.42,4.44,6.06,7.27,2.02,5.45,2.63,14.75,4.44,2.83,3.84,1.41,4.85,7.07,4.44,9.49,3.03,2.83
5.77,1.12,6.73,4.49,2.72,8.81,1.44,3.85,3.85,13.94,1.6,3.04,6.73,4.01,3.85,9.62,6.89,8.17,1.44,1.92
5.07,1.6,4.27,5.07,5.87,8.8,2.13,2.4,5.33,6.67,1.6,3.73,6.4,2.4,5.07,12.53,8.8,5.87,1.87,4.53
5.84,0.32,3.9,7.79,2.27,8.77,2.6,10.71,5.84,8.44,2.6,6.17,5.19,3.57,2.27,6.49,4.55,6.82,0.32,5.52
9.36,2.54,5.55,6.71,2.89,5.32,2.66,4.39,6.24,9.02,3.01,3.47,4.62,4.05,9.36,6.59,4.28,4.86,1.97,3.12
10.93,1.19,7.6,5.7,3.8,10.93,3.33,3.8,2.61,6.89,0.24,0.95,6.18,2.38,6.89,4.99,7.13,12.11,1.19,1.19
10.31,1.15,6.49,5.34,4.96,7.63,1.53,4.96,1.91,10.31,1.53,4.2,5.73,5.73,6.49,3.44,6.11,6.87,1.53,3.82
12.8,0.18,5.87,6.52,1.94,9.98,3.58,2.06,4.93,6.22,2.0,3.88,9.16,4.99,6.17,10.22,4.29,3.52,0.47,1.23
5.28,0.5,3.52,5.28,5.16,6.54,1.64,6.92,6.79,12.08,1.89,5.41,5.53,4.15,3.65,8.68,4.78,6.67,1.51,4.03
7.28,0.26,5.75,7.92,5.11,5.62,2.94,6.0,4.85,9.45,2.43,5.24,3.45,5.24,4.09,3.96,7.66,5.75,2.17,4.85
2.92,2.19,2.19,4.38,3.65,5.11,0.73,6.57,9.49,14.6,4.38,1.46,5.11,2.19,4.38,12.41,6.57,8.03,2.19,1.46
10.05,0.47,2.1,2.8,8.64,7.01,1.17,10.05,4.21,10.05,3.04,1.87,3.04,3.27,2.57,8.64,6.78,7.71,1.4,5.14
5.78,2.0,6.0,6.0,3.78,4.89,2.67,7.11,8.0,10.22,1.78,4.67,5.33,4.0,6.0,7.33,4.44,4.44,1.11,4.44
6.85,1.87,3.73,6.64,6.02,5.81,2.9,4.56,6.43,11.0,3.73,5.6,3.73,2.07,7.26,5.6,5.39,7.05,1.04,2.7
2.62,1.5,4.49,7.87,8.24,3.0,1.12,9.74,9.74,8.61,1.87,10.11,1.5,1.87,3.0,8.99,3.0,4.49,1.12,7.12
10.29,0.19,2.86,1.9,6.86,9.14,1.14,5.9,3.24,16.0,3.81,2.29,3.43,2.1,4.0,6.86,5.52,9.14,2.48,2.86
5.81,2.33,7.56,3.49,3.49,2.91,1.74,9.88,5.23,7.56,1.74,4.65,5.23,6.4,6.4,8.14,4.65,6.4,1.74,4.65
9.43,1.13,6.04,7.17,3.21,6.42,2.83,4.53,3.58,14.34,2.26,3.02,4.72,4.91,8.3,5.28,5.09,5.85,0.75,1.13
7.62,1.3,3.57,7.46,3.24,7.46,2.76,4.7,4.21,9.89,2.43,4.05,4.21,2.59,4.86,9.4,7.46,9.08,1.3,2.43
5.85,4.09,4.97,7.02,6.73,4.39,1.17,9.36,8.48,8.48,2.92,4.97,2.63,2.05,6.73,8.48,4.97,3.51,1.17,2.05
12.59,1.36,6.8,5.78,3.4,8.5,2.38,4.08,4.08,10.88,2.04,3.4,4.08,4.76,4.08,4.76,6.46,8.16,0.34,2.04
21.41,0.0,10.3,5.69,3.25,8.4,1.63,1.63,0.0,7.86,0.81,0.0,5.69,1.63,8.13,3.79,10.84,7.86,0.27,0.81
11.4,0.47,3.26,2.79,6.74,10.47,1.16,5.35,3.02,13.26,3.72,1.4,4.19,1.86,5.35,5.12,5.81,8.84,2.56,3.26
3.24,2.23,0.81,2.43,9.92,4.86,1.82,15.59,3.64,13.56,3.85,3.64,1.62,1.82,1.01,12.96,4.25,6.48,1.01,5.26
1.56,0.0,6.25,1.56,4.69,1.56,1.56,23.44,9.38,4.69,3.12,12.5,1.56,3.12,1.56,12.5,4.69,4.69,0.0,1.56
6.64,0.74,4.57,7.82,4.42,3.69,1.92,5.75,5.75,10.62,3.83,4.72,2.8,3.98,7.08,8.55,4.87,6.93,1.03,4.28
6.19,3.58,3.58,3.91,6.19,5.21,1.3,6.19,4.23,12.38,3.91,5.21,3.26,4.89,5.21,8.47,5.54,4.56,0.98,5.21
10.77,0.77,5.38,3.08,5.38,0.77,4.62,6.92,13.08,7.69,3.08,2.31,4.62,6.15,6.92,4.62,6.15,5.38,0.0,2.31
1.61,1.61,4.03,2.42,4.84,3.63,2.42,11.29,14.11,13.31,2.42,8.87,2.42,2.02,2.82,7.26,4.84,2.82,1.21,6.05
13.71,2.64,5.98,4.39,3.34,7.03,2.64,5.27,2.64,8.61,1.41,3.51,5.98,5.8,5.27,5.62,4.75,6.85,2.64,1.93
4.45,0.81,3.64,3.24,8.91,4.86,0.81,10.53,4.45,15.79,2.83,3.24,2.83,2.43,4.45,7.29,5.67,6.88,1.62,5.26
14.33,2.92,5.56,2.92,1.75,10.82,2.92,2.05,2.92,8.04,0.58,1.9,7.02,4.24,8.48,7.89,5.99,5.85,1.9,1.9
6.31,1.97,6.9,5.13,4.54,7.5,3.75,5.92,7.1,8.88,2.17,5.52,3.55,1.78,4.73,7.1,2.96,9.86,1.38,2.96
6.51,0.42,4.3,6.09,1.57,5.04,1.89,5.14,6.19,8.08,2.73,5.35,7.14,8.18,4.93,12.28,4.62,6.3,1.47,1.78
1.74,1.74,2.61,5.22,2.61,3.48,5.22,6.96,13.91,7.83,3.48,8.7,3.48,1.74,4.35,6.96,6.96,6.09,0.87,6.09
5.12,1.53,5.37,8.7,3.58,6.39,1.02,10.23,13.04,9.72,1.28,3.84,3.32,1.53,5.63,3.58,6.14,6.39,0.51,3.07
6.15,1.85,5.29,5.9,4.31,5.66,2.58,6.03,7.26,8.12,1.6,4.31,6.4,5.04,4.18,7.26,5.78,5.66,1.6,5.04
15.52,0.55,5.46,3.83,4.59,6.99,1.09,2.3,4.15,7.43,2.84,2.84,11.04,2.84,1.97,10.71,8.85,5.36,0.55,1.09
10.98,0.59,3.56,5.64,5.34,8.31,0.0,5.04,7.72,7.12,0.59,6.82,4.45,2.67,5.64,7.12,5.93,9.2,0.3,2.97
9.01,2.4,6.31,6.31,3.6,7.21,2.4,7.21,6.61,8.11,2.4,3.9,5.11,3.0,6.61,3.0,6.61,6.61,1.5,2.1
6.64,0.35,3.5,3.15,7.34,5.94,0.7,14.69,5.59,12.24,3.15,3.5,3.15,1.75,3.15,8.04,5.94,7.69,0.35,3.15
10.68,0.26,8.07,3.91,4.69,7.29,1.82,4.43,3.12,12.24,1.56,5.21,5.47,3.39,5.21,4.69,7.03,9.38,0.26,1.3
8.93,0.27,4.66,6.19,2.79,5.92,2.63,3.07,4.93,5.64,1.37,6.08,10.41,6.25,3.67,13.26,5.75,5.42,0.55,2.19
10.53,7.89,8.77,6.14,1.75,9.65,2.63,5.26,1.75,5.26,2.63,1.75,9.65,3.51,2.63,2.63,1.75,11.4,0.88,3.51
6.23,4.61,4.07,6.78,1.9,8.4,1.63,1.36,5.69,10.03,1.9,2.17,9.49,8.13,7.32,8.94,5.15,3.25,2.44,0.54
9.19,0.0,5.51,5.51,2.94,4.41,0.74,6.62,10.29,11.4,4.04,3.31,4.41,5.88,2.57,6.62,8.09,6.62,0.0,1.84
3.96,2.37,4.91,7.44,3.32,7.28,1.58,12.34,8.7,7.91,1.9,8.54,2.22,3.01,4.75,6.33,3.96,5.38,0.47,3.64
9.23,0.37,2.58,3.69,4.43,7.75,3.32,7.01,2.21,14.02,3.32,1.85,6.64,2.58,4.06,5.17,5.9,9.96,2.95,2.95
16.21,2.76,4.83,8.28,3.1,5.86,2.76,3.1,6.21,8.97,2.41,1.38,2.07,4.14,7.59,4.14,3.1,10.0,0.0,3.1
4.76,3.57,5.95,1.79,3.57,2.38,1.79,7.14,12.5,9.52,3.57,5.95,2.38,2.98,4.17,8.33,7.14,5.36,1.79,5.36
11.09,0.33,4.88,7.87,3.55,5.54,1.88,3.88,4.88,9.53,2.66,2.44,7.65,5.1,6.32,8.98,3.88,5.65,1.11,2.77
8.65,1.69,4.22,7.17,3.59,5.7,1.9,5.49,5.06,11.81,3.38,3.8,6.12,3.38,3.38,6.96,7.81,6.54,1.27,2.11
3.86,0.32,2.25,5.79,5.47,9.0,3.22,3.22,4.18,9.0,2.89,4.5,8.68,8.68,6.75,6.75,7.4,2.25,0.32,5.47
4.19,3.14,4.82,9.22,3.56,4.82,2.52,2.73,7.13,11.74,2.94,1.68,6.5,6.71,6.71,6.71,4.19,6.92,1.26,2.52
8.45,0.0,0.0,2.82,8.45,8.45,7.04,11.27,4.23,8.45,2.82,4.23,4.23,5.63,2.82,4.23,5.63,5.63,1.41,4.23
6.46,1.56,7.57,2.23,4.9,6.9,1.78,6.46,5.12,8.46,2.45,8.02,4.23,4.9,2.23,5.79,6.9,6.9,2.0,5.12
4.56,5.82,5.57,4.3,3.04,7.09,2.78,7.34,3.04,13.67,1.77,5.06,3.04,3.29,5.82,11.14,4.05,5.06,1.52,2.03
4.15,1.51,6.32,8.58,5.0,5.94,1.79,6.89,7.83,8.21,3.49,3.96,2.55,2.45,6.98,6.23,4.62,6.7,1.7,5.09
9.53,0.17,8.19,7.69,3.34,8.36,1.34,4.18,5.85,6.52,1.84,5.35,4.01,3.34,7.53,6.86,4.68,6.35,1.34,3.51
5.33,10.67,4.0,2.67,4.0,9.33,1.33,8.0,8.0,6.67,2.67,4.0,2.67,2.67,6.67,8.0,1.33,9.33,0.0,2.67
7.83,2.55,3.28,7.1,2.0,9.29,3.64,2.91,2.73,12.57,1.64,1.82,6.92,5.1,7.65,8.93,4.74,5.83,1.64,1.82
7.24,0.0,7.24,13.82,2.63,6.58,2.63,4.61,7.89,7.24,2.63,1.97,3.29,5.92,3.95,7.24,7.24,1.97,1.32,4.61
11.89,0.0,4.86,8.11,4.32,7.57,0.0,7.03,7.03,7.57,0.54,4.86,5.95,0.54,0.54,9.73,11.89,6.49,0.54,0.54
5.41,0.0,6.31,9.01,2.7,4.5,0.9,11.71,13.51,10.81,2.7,6.31,3.6,2.7,4.5,4.5,3.6,3.6,0.0,3.6
3.7,1.85,0.0,9.26,1.85,5.56,3.7,1.85,24.07,9.26,1.85,5.56,3.7,1.85,5.56,3.7,7.41,1.85,1.85,5.56
6.25,3.75,3.75,5.0,3.75,7.5,0.0,7.5,7.5,3.75,3.75,1.25,8.75,2.5,2.5,11.25,11.25,7.5,0.0,2.5
2.75,1.06,6.55,7.19,5.29,3.59,2.33,6.98,9.3,9.09,2.11,9.94,4.44,3.38,3.59,7.82,4.86,4.86,0.42,4.44
5.75,2.81,6.15,9.49,4.28,4.01,3.07,6.55,5.08,10.7,3.07,4.14,5.48,3.07,3.88,7.49,4.01,6.42,0.8,3.74
7.46,3.83,4.03,4.64,6.05,5.04,3.23,7.66,4.23,12.5,2.82,4.84,2.82,2.62,3.63,6.45,5.24,6.45,1.81,4.64
8.07,2.08,5.73,2.34,6.51,9.64,1.56,5.99,2.86,10.16,2.34,8.33,5.99,5.21,3.39,4.43,4.95,6.77,0.26,3.39
7.18,1.28,5.13,4.87,4.1,7.69,3.08,7.44,6.41,8.46,1.54,2.82,6.41,5.64,4.36,6.67,4.62,7.18,1.28,3.85
7.98,2.55,6.45,4.75,4.75,6.62,1.7,6.28,4.07,10.19,1.19,4.41,4.92,1.87,7.3,9.51,5.09,5.26,1.19,3.9
9.17,0.97,5.83,7.66,3.02,6.8,2.05,3.88,3.45,12.73,3.02,2.8,5.29,4.31,8.41,5.5,5.61,5.83,1.4,2.27
3.96,2.97,0.99,3.96,9.9,2.97,0.99,8.91,6.93,13.86,1.98,3.96,3.96,2.97,0.99,9.9,8.91,2.97,1.98,6.93
5.07,1.69,9.01,4.13,6.0,6.75,2.63,6.19,6.75,8.63,1.88,3.56,4.32,3.94,4.32,8.82,6.38,5.63,1.31,3.0
6.12,2.04,5.1,10.2,4.08,3.06,1.02,10.2,6.12,11.22,3.06,4.08,1.02,10.2,4.08,4.08,7.14,4.08,0.0,3.06
7.14,2.26,5.64,6.39,4.51,6.02,2.26,3.01,3.76,9.77,2.63,3.76,2.26,3.76,7.52,8.27,4.14,12.03,2.63,2.26
13.25,3.61,10.24,3.61,5.42,5.42,1.2,4.82,3.61,10.24,2.41,3.61,1.81,0.0,8.43,7.83,3.61,4.22,0.6,6.02
12.0,4.0,4.0,9.33,4.0,1.33,1.33,5.33,8.0,6.67,5.33,4.0,5.33,4.0,5.33,8.0,4.0,6.67,0.0,1.33
8.18,2.73,2.73,5.45,2.73,4.55,0.91,7.27,6.36,3.64,1.82,2.73,4.55,3.64,12.73,9.09,9.09,4.55,0.91,6.36
1.89,1.13,2.26,2.64,4.91,4.53,3.4,12.45,11.32,12.45,1.51,6.79,5.28,4.15,1.89,7.55,6.79,3.02,2.26,3.77
9.48,0.81,5.66,6.36,3.7,4.51,2.43,5.2,4.05,10.98,1.5,3.58,5.09,4.51,5.43,9.13,6.24,6.36,1.97,3.01
4.98,6.98,4.98,4.98,3.32,29.24,2.66,2.66,4.32,2.33,1.66,2.99,1.33,1.33,5.98,9.97,2.99,4.32,0.33,2.66
1.94,1.94,3.88,7.77,1.94,1.94,5.83,13.59,13.59,10.68,0.97,7.77,1.94,2.91,5.83,5.83,3.88,1.94,0.0,5.83
6.42,3.67,5.05,7.8,3.21,11.47,1.38,5.96,6.88,9.17,1.83,0.92,4.59,2.29,6.88,4.59,4.13,10.09,0.92,2.75
6.39,1.39,5.76,12.4,1.83,3.86,2.72,3.04,8.86,9.8,2.59,4.55,2.66,6.96,6.51,9.55,4.24,4.87,0.57,1.45
5.95,1.12,4.09,5.95,4.09,4.09,3.72,8.55,7.06,7.43,3.35,10.78,2.97,10.78,3.35,6.69,1.49,5.2,0.37,2.97
10.31,2.84,6.44,4.38,3.87,6.19,2.58,3.35,2.32,13.66,1.29,2.58,4.64,1.8,9.28,9.02,4.9,7.22,1.03,2.32
12.02,0.0,0.86,2.58,5.15,12.45,1.29,7.3,0.86,15.02,1.72,1.72,3.43,1.72,3.86,7.3,4.72,10.73,4.29,3.0
10.62,0.0,6.88,8.12,3.12,8.12,0.62,4.38,3.75,9.38,3.75,3.75,5.62,4.38,4.38,6.88,6.88,4.38,0.0,5.0
7.37,3.16,6.32,5.26,5.26,3.16,1.05,7.37,7.37,7.37,4.21,7.37,2.11,5.26,2.11,4.21,5.26,11.58,1.05,3.16
3.62,1.89,4.56,5.66,5.19,3.14,2.2,6.92,7.08,11.79,1.42,5.35,4.87,4.56,4.09,10.53,5.82,5.19,1.42,4.72
3.89,0.37,5.93,8.33,5.37,4.26,3.52,7.41,7.96,9.81,3.33,6.11,3.7,6.11,3.89,4.44,5.37,5.74,0.93,3.52
6.71,2.21,3.64,6.9,0.86,9.01,2.88,1.53,3.26,9.97,0.86,1.73,12.66,6.14,7.0,12.66,5.94,3.84,1.44,0.77
3.39,5.08,6.78,10.17,3.39,3.39,3.39,6.78,10.17,11.86,3.39,6.78,3.39,5.08,3.39,1.69,5.08,1.69,1.69,3.39
8.26,2.29,5.96,11.01,3.21,5.05,2.29,6.88,6.88,9.17,3.21,5.5,2.29,4.13,4.13,7.34,5.05,3.67,1.38,2.29
3.53,0.74,7.65,6.91,5.0,5.44,1.62,4.85,6.18,8.97,1.18,11.32,2.5,4.26,4.85,10.88,4.71,5.29,0.59,3.53
4.76,0.0,1.59,6.35,4.76,4.76,0.0,9.52,4.76,20.63,1.59,3.17,0.0,4.76,7.94,4.76,3.17,4.76,6.35,6.35
10.71,2.86,3.57,3.57,11.43,1.43,0.71,5.71,5.71,18.57,2.86,1.43,1.43,0.71,6.43,13.57,3.57,3.57,0.0,2.14
1.37,2.74,0.0,2.74,2.74,4.11,6.85,10.96,9.59,20.55,1.37,4.11,1.37,1.37,15.07,2.74,2.74,2.74,0.0,6.85
7.03,3.91,3.12,2.34,5.47,7.03,5.47,3.12,4.69,11.72,2.34,2.34,7.81,4.69,9.38,7.81,7.03,3.12,0.78,0.78
4.07,0.83,3.88,5.73,3.79,3.42,2.5,8.87,6.93,11.65,3.05,8.87,3.97,4.9,3.79,8.5,6.38,5.27,0.83,2.77
3.06,2.1,6.79,6.79,6.98,4.02,2.01,7.84,10.9,8.41,2.1,6.5,3.44,2.29,3.06,7.46,4.11,6.21,1.91,4.02
7.79,0.41,5.74,4.1,4.92,12.3,2.05,4.1,9.84,6.56,2.87,2.46,4.51,3.28,6.15,6.56,4.92,11.07,0.0,0.41
3.23,4.03,8.06,7.26,8.06,4.03,4.84,10.48,8.87,11.29,1.61,8.06,0.0,4.03,0.81,6.45,2.42,3.23,0.0,3.23
2.7,4.05,3.38,4.73,4.73,6.08,0.68,6.08,4.05,12.84,2.7,5.41,7.43,4.05,11.49,4.73,7.43,4.73,0.68,2.03
5.08,0.0,7.03,9.38,4.3,1.95,3.91,10.55,7.03,7.81,2.73,7.42,2.73,4.3,3.12,5.47,8.2,5.08,0.39,3.52
3.5,0.35,4.2,6.29,6.99,3.85,1.4,10.49,8.04,13.29,1.75,6.64,3.85,2.45,6.99,6.64,4.9,5.59,0.7,2.1
5.3,2.39,3.42,5.98,5.98,5.3,1.54,5.98,6.5,10.43,0.85,5.98,5.13,5.81,5.3,11.45,5.47,5.13,0.68,1.37
8.24,0.68,6.08,9.46,2.7,7.43,2.43,7.97,5.81,6.62,4.05,3.92,4.73,3.11,5.68,4.19,4.86,7.97,0.95,3.11
9.68,2.02,4.64,9.07,3.83,7.26,2.22,5.24,11.29,12.3,1.81,4.84,2.62,0.6,2.02,5.04,4.23,7.66,0.6,3.02
4.91,4.05,4.05,7.51,4.05,5.78,1.16,2.02,6.65,8.67,2.31,5.2,4.05,6.07,7.8,12.14,5.78,3.76,0.87,3.18
6.79,0.62,1.85,3.7,7.1,8.02,2.47,10.8,2.47,13.27,3.4,1.85,2.78,3.09,1.85,10.49,5.86,7.1,1.23,5.25
6.27,1.99,3.06,9.02,2.14,8.72,1.68,2.45,3.06,7.49,3.06,3.82,9.02,3.52,8.72,12.54,3.82,5.2,1.07,3.36
7.34,1.4,4.02,4.9,7.69,11.01,1.57,8.04,5.42,9.62,2.62,4.72,2.97,2.27,4.02,5.94,4.2,6.12,2.45,3.67
5.7,1.99,5.98,8.55,5.7,7.12,1.99,5.98,9.69,7.98,1.99,3.7,4.27,3.13,5.98,5.98,4.27,5.41,1.71,2.85
8.25,0.95,4.6,5.95,3.38,6.63,5.95,2.17,3.11,7.85,3.25,7.17,4.87,6.36,5.41,11.77,5.82,3.65,0.68,2.17
7.53,1.34,6.99,10.22,2.69,8.33,2.15,3.23,6.18,7.53,1.88,2.42,6.45,1.61,5.38,8.33,4.3,6.99,2.96,3.49
7.33,0.0,4.74,3.45,1.72,11.64,0.86,5.6,3.45,9.91,1.72,6.47,3.45,7.33,1.72,6.47,15.52,7.33,0.43,0.86
8.88,0.99,3.95,8.55,3.29,5.26,1.32,6.58,4.61,10.86,2.63,2.63,4.28,2.63,7.89,9.87,5.59,6.91,0.33,2.96
10.02,1.67,2.04,5.19,6.68,6.86,0.74,5.75,3.9,12.62,2.6,3.9,3.9,3.34,4.45,8.16,4.45,8.16,2.41,3.15
12.55,1.28,6.56,6.56,2.85,7.7,2.43,5.71,2.0,4.99,1.71,3.0,7.28,3.99,7.13,6.56,5.71,8.13,1.14,2.71
11.64,0.0,4.93,7.3,2.76,4.34,1.38,5.52,5.33,3.75,2.37,4.14,9.47,8.28,5.52,9.27,5.72,5.33,1.18,1.78
5.21,1.63,4.56,8.14,4.56,5.54,0.65,8.47,9.12,8.47,0.33,9.12,1.3,7.49,3.26,5.54,5.54,7.17,0.0,3.91
12.29,0.42,5.08,4.66,2.97,10.59,2.54,2.54,2.54,16.1,0.85,0.42,7.63,1.27,8.9,4.66,6.36,8.05,0.0,2.12
14.17,1.18,6.3,3.94,1.57,9.06,2.36,5.51,6.3,8.27,3.94,5.91,1.18,3.15,3.94,10.63,5.12,4.33,0.39,2.76
4.88,1.03,4.63,5.14,3.08,7.2,3.08,11.05,4.88,9.51,3.34,5.14,4.11,2.57,5.14,10.28,6.43,4.37,1.03,3.08
6.78,1.27,6.36,4.24,4.66,7.63,3.39,0.85,1.69,9.75,0.85,1.69,15.25,3.39,2.97,14.83,4.66,3.39,1.69,4.66
2.0,1.47,3.05,3.15,3.36,4.83,1.79,5.67,5.67,5.46,0.95,17.54,6.09,9.66,1.05,11.87,11.34,3.36,0.11,1.58
9.01,1.8,5.86,4.95,3.6,6.31,4.05,2.7,2.7,11.71,1.8,2.7,5.41,3.15,7.66,4.5,5.86,10.36,0.9,4.95
5.46,6.28,3.83,8.74,4.37,6.56,1.37,4.92,5.19,7.92,1.91,4.64,5.19,3.83,4.92,9.56,3.83,6.83,0.55,4.1
6.77,1.04,6.77,5.73,5.73,10.42,0.0,4.69,4.17,11.46,4.17,1.56,3.65,5.21,5.73,5.21,7.81,5.73,3.12,1.04
8.59,9.82,6.75,3.68,3.68,5.52,2.45,3.68,9.82,6.13,2.45,6.75,3.68,1.23,3.68,3.68,10.43,4.91,0.0,3.07
7.48,0.23,5.44,5.22,4.99,7.71,1.81,6.12,8.62,8.62,2.95,4.08,4.99,4.08,3.63,5.44,7.94,4.76,0.68,5.22
2.9,2.23,5.8,7.14,6.47,2.9,4.24,6.03,8.48,11.16,0.67,6.47,4.24,3.35,3.79,7.81,4.69,7.14,1.34,3.12
8.84,2.95,5.5,5.11,4.32,8.64,1.96,5.5,6.68,5.7,2.95,3.34,6.09,2.55,4.52,7.27,6.68,8.06,0.59,2.75
9.36,0.6,7.57,5.18,4.38,8.76,1.99,5.38,5.58,8.57,2.19,3.78,3.98,3.98,2.99,5.58,6.18,7.77,1.59,4.58
11.17,4.26,7.98,5.32,2.66,7.45,2.13,2.66,3.72,10.11,2.66,3.72,4.26,1.6,7.45,6.91,6.91,7.98,0.53,0.53
7.65,3.06,2.75,2.75,7.03,2.75,0.92,10.7,3.98,12.23,3.06,4.28,3.36,4.89,4.89,7.95,7.34,4.59,1.53,4.28
3.96,2.08,6.88,10.42,3.54,6.04,2.08,5.21,8.75,7.08,1.25,5.42,2.08,4.58,8.54,8.12,6.25,5.62,0.42,1.67
7.2,1.18,6.28,6.94,4.32,6.41,1.96,6.54,10.21,9.03,1.7,5.89,4.19,2.23,3.27,5.24,6.54,6.15,0.65,4.06
3.03,1.52,3.33,3.94,5.76,2.73,3.33,13.94,6.36,13.64,0.91,5.45,1.82,6.36,7.27,7.58,3.64,2.42,1.52,5.45
10.86,1.26,5.3,7.07,3.28,7.32,4.04,4.8,3.03,9.34,2.78,4.04,4.8,2.02,6.57,6.82,5.3,8.08,0.76,2.53
6.0,1.61,3.51,5.71,1.17,9.52,2.34,5.86,4.39,14.35,2.05,8.35,5.27,4.1,4.39,9.08,6.15,3.81,0.29,2.05
10.58,0.0,4.78,9.22,3.75,8.19,4.78,3.07,2.39,14.68,2.05,0.34,6.83,2.39,7.17,5.46,1.37,8.87,1.37,2.73
7.12,1.36,3.48,7.42,6.36,4.24,1.36,6.21,6.67,13.79,3.18,4.09,3.64,3.64,4.24,5.45,4.55,6.52,1.67,5.0
8.05,3.12,7.4,5.58,3.51,9.09,2.6,3.12,1.69,12.21,1.3,2.21,5.06,3.9,10.39,5.06,5.19,6.49,0.91,3.12
12.95,0.56,6.46,5.58,2.51,4.79,1.52,3.89,4.5,8.65,1.75,3.16,7.83,3.68,5.64,9.56,6.61,7.42,0.96,1.96
6.32,0.51,3.25,5.13,3.42,7.52,3.08,11.62,5.3,14.7,3.42,5.3,3.76,4.96,3.42,5.3,4.96,5.81,0.51,1.71
7.77,2.91,2.43,7.28,6.31,5.83,1.94,2.43,10.19,8.25,2.43,5.34,5.83,5.34,9.22,4.85,3.88,2.43,2.43,2.91
6.51,0.98,5.86,4.89,3.91,4.23,2.61,4.23,8.14,7.82,1.95,2.61,7.17,3.26,6.84,13.03,5.21,8.14,0.65,1.95
11.59,1.16,6.09,4.35,3.19,7.83,2.9,5.51,5.51,9.28,2.9,6.09,4.35,3.19,6.96,4.64,6.67,4.35,0.87,2.61
10.81,1.93,5.79,5.21,1.54,7.53,1.93,9.65,5.6,9.85,1.74,5.41,2.9,3.09,4.25,6.18,6.18,7.53,0.19,2.7
14.93,0.0,4.98,3.23,1.49,7.46,0.25,7.71,4.98,10.2,0.75,6.97,2.49,3.73,1.99,13.43,6.22,5.97,1.74,1.49
1.75,0.58,3.87,4.82,3.73,2.34,1.39,8.63,4.53,8.41,1.24,25.37,3.44,4.39,2.05,10.23,6.29,3.14,0.51,3.29
6.98,0.47,5.12,3.72,6.51,5.7,1.86,5.47,4.07,12.79,2.56,4.77,3.14,3.95,3.26,8.26,7.44,8.14,2.33,3.49
5.32,0.71,2.84,5.32,2.84,10.28,2.13,3.19,4.61,5.32,3.19,3.19,9.22,3.19,5.67,14.18,7.45,5.67,1.42,4.26
9.39,0.61,6.67,5.76,5.76,7.58,1.21,7.58,6.67,7.58,3.03,5.45,3.64,1.21,4.85,6.97,4.55,7.27,0.0,4.24
6.7,0.0,2.23,2.79,8.38,4.47,4.47,6.7,8.94,13.41,1.12,3.35,6.7,3.35,3.35,10.06,5.03,5.03,1.12,2.79
4.94,0.58,5.52,2.62,3.78,4.07,2.62,4.07,6.98,10.76,1.16,4.65,14.53,3.49,5.23,9.59,4.07,5.52,1.16,4.65
4.35,3.48,4.35,5.22,3.04,5.22,2.17,6.09,2.17,12.61,2.17,3.91,4.35,2.61,9.13,7.83,8.26,7.83,1.74,3.48
8.45,1.41,1.41,9.86,1.41,5.63,2.82,2.82,9.86,12.68,5.63,0.0,9.86,4.23,5.63,4.23,4.23,5.63,0.0,4.23
1.77,0.88,2.65,3.98,5.75,3.98,1.33,11.95,9.73,10.18,1.33,10.62,3.98,3.98,4.42,7.52,5.75,6.64,0.44,3.1
2.31,1.39,3.24,3.24,4.63,4.17,3.24,13.89,15.74,10.65,1.85,6.94,4.17,0.93,2.78,8.8,5.56,0.0,1.39,5.09
11.4,0.88,5.26,14.04,0.0,2.63,1.75,3.51,2.63,13.16,1.75,3.51,4.39,6.14,7.89,5.26,2.63,9.65,0.88,2.63
15.82,1.27,3.16,10.76,0.0,10.76,1.27,1.27,1.27,6.33,1.27,0.63,12.66,0.63,12.66,10.76,3.16,4.43,0.63,1.27
7.13,0.49,4.91,5.41,5.65,4.18,2.95,6.14,8.11,8.35,2.95,4.67,5.9,2.95,4.67,6.88,6.63,7.62,0.74,3.69
4.96,0.0,6.38,12.77,7.8,4.26,0.0,4.26,3.55,5.67,2.84,2.13,7.09,0.71,10.64,4.96,10.64,9.22,0.71,1.42
4.03,2.01,11.41,6.71,5.37,4.03,2.68,13.42,8.05,7.38,2.68,5.37,0.0,1.34,3.36,5.37,5.37,4.7,1.34,5.37
8.85,1.32,4.52,7.34,3.58,9.23,4.14,6.78,5.08,9.6,2.26,3.95,2.64,2.45,5.65,7.16,5.65,6.4,0.94,2.45
8.48,1.82,1.21,1.52,9.09,4.85,3.33,2.73,4.24,16.06,2.42,3.33,3.33,3.94,5.15,8.18,3.03,9.09,3.64,4.55
5.9,1.11,3.69,7.38,4.8,8.12,1.48,9.23,6.64,12.55,2.58,1.85,6.64,4.06,4.06,5.17,4.8,6.64,0.0,3.32
6.75,1.73,5.18,5.81,2.98,5.49,3.3,5.97,7.22,13.19,2.04,4.71,4.4,4.24,5.81,5.18,4.55,5.97,2.2,3.3
12.75,3.92,3.92,3.92,4.9,0.98,0.0,4.9,5.88,14.71,1.96,5.88,4.9,0.98,3.92,4.9,7.84,8.82,0.0,4.9
4.58,1.96,5.88,2.94,4.9,3.27,0.98,7.52,5.23,14.05,2.94,3.92,6.21,5.88,5.23,8.5,6.21,4.58,0.98,4.25
1.83,4.59,2.75,3.67,11.93,1.83,3.67,5.5,6.42,7.34,0.92,2.75,6.42,0.92,7.34,14.68,3.67,7.34,1.83,4.59
6.15,11.73,2.23,5.59,1.12,12.29,4.47,2.79,3.91,1.12,1.68,5.59,5.59,7.26,6.7,7.26,6.15,3.91,0.0,4.47
8.07,2.24,5.83,6.73,2.69,7.62,2.24,5.83,4.93,7.62,4.48,2.24,4.48,4.48,3.59,11.21,3.14,8.52,0.9,3.14
7.53,1.47,7.36,6.71,2.29,5.89,2.62,4.09,6.38,8.02,1.8,6.06,5.56,3.76,3.93,10.15,8.35,5.4,0.49,2.13
7.76,3.55,5.1,2.22,8.43,7.98,2.44,3.33,4.21,10.2,2.0,5.99,4.43,2.88,5.32,8.65,6.21,4.88,1.55,2.88
3.12,1.88,5.31,5.94,4.06,5.31,3.12,5.31,12.5,8.12,1.88,5.31,3.12,2.81,7.81,5.62,5.31,5.31,1.56,6.56
3.85,2.51,5.36,6.7,3.85,4.69,3.18,4.36,5.53,9.72,2.68,4.19,4.69,5.7,3.35,10.22,6.2,8.38,1.68,3.18
7.69,1.62,4.86,7.69,5.67,6.88,2.43,5.67,6.88,7.29,3.24,3.64,3.64,3.24,6.07,8.1,4.05,5.26,2.43,3.64
15.22,2.77,3.46,7.27,2.42,7.61,4.5,1.04,4.5,5.19,1.38,1.04,12.11,2.77,11.07,9.34,3.11,2.77,0.69,1.73
2.44,2.44,1.22,8.54,3.66,9.76,4.88,0.0,6.1,7.32,3.66,3.66,10.98,6.1,10.98,7.32,2.44,2.44,6.1,0.0
2.29,0.76,13.74,8.78,8.02,7.63,0.38,5.34,5.34,15.27,2.67,0.38,2.67,0.0,7.25,4.2,5.73,2.29,6.49,0.76
7.06,2.35,5.88,7.65,7.06,4.71,1.18,5.29,12.35,7.06,2.94,4.12,5.29,2.35,2.94,5.29,5.29,3.53,0.59,7.06
8.16,0.0,4.76,7.48,4.08,3.4,4.08,9.52,8.16,10.2,1.36,4.76,4.08,3.4,4.76,6.8,4.08,7.48,0.0,3.4
11.56,0.58,5.92,7.37,2.17,7.8,2.17,3.18,1.01,9.25,1.16,1.73,8.96,4.19,7.8,5.78,6.07,9.25,1.73,2.31
22.91,1.68,2.79,5.03,2.79,7.82,1.12,1.68,5.03,5.03,3.91,0.56,7.26,4.47,6.7,7.26,3.35,8.38,0.56,1.68
6.51,1.63,7.49,8.47,6.51,8.14,3.91,3.91,4.89,10.1,2.93,2.28,3.26,2.93,6.19,3.26,5.86,6.51,1.63,3.58
7.16,1.79,4.37,1.99,1.99,4.97,1.79,3.38,3.38,4.97,0.8,4.37,3.18,3.78,2.58,24.45,14.51,6.16,0.8,3.58
12.5,1.76,4.69,5.47,2.93,9.38,2.15,2.15,1.56,13.67,0.39,1.17,10.74,4.69,6.64,7.23,3.91,4.88,2.54,1.56
5.56,2.18,3.97,3.17,6.94,6.55,1.39,8.33,3.37,14.68,1.79,3.97,4.56,2.98,3.57,7.94,7.14,6.55,1.19,4.17
6.47,4.96,3.88,3.88,4.74,6.9,2.59,5.17,2.8,14.01,0.86,2.37,6.9,2.59,4.09,7.97,6.9,6.47,4.09,2.37
12.94,1.0,2.49,1.49,5.47,6.97,0.0,5.97,2.49,10.45,3.48,3.48,1.99,3.48,3.98,10.45,6.47,14.43,0.5,2.49
13.08,0.42,1.69,2.11,5.91,13.08,0.0,4.64,0.84,13.5,3.38,1.27,2.11,4.64,5.49,9.7,4.64,8.44,0.84,4.22
13.68,0.5,4.27,5.02,2.89,8.03,1.25,5.77,2.38,11.04,2.01,2.76,4.02,3.64,6.52,5.52,5.77,11.79,1.51,1.63
3.58,0.0,5.37,7.42,1.79,3.32,2.81,3.07,5.37,8.7,1.79,6.91,7.93,4.86,7.67,18.16,4.35,4.09,1.02,1.79
11.76,0.98,2.94,7.52,3.27,9.15,1.31,6.54,3.27,10.78,0.65,2.29,3.59,2.94,9.15,8.5,8.82,4.58,0.65,1.31
4.75,1.96,3.35,4.75,5.59,6.7,1.96,8.38,6.7,13.13,2.51,6.42,4.47,6.42,4.19,6.98,5.87,2.51,0.28,3.07
8.11,1.19,5.49,7.88,4.77,7.16,3.1,4.3,5.97,9.07,2.86,2.86,6.44,3.82,3.58,6.68,6.68,6.92,1.43,1.67
4.55,1.89,3.79,3.03,7.95,4.17,1.14,11.36,4.92,15.91,2.27,6.06,2.27,1.52,2.65,9.47,3.41,4.92,3.03,5.68
8.29,1.46,5.85,5.37,6.34,5.85,1.95,7.32,3.41,10.24,2.44,2.93,9.27,5.85,6.34,5.37,3.41,5.37,0.49,2.44
11.23,0.52,8.09,4.7,0.26,12.53,1.31,2.61,0.26,12.53,1.31,2.87,4.18,2.87,10.44,5.74,3.13,10.7,2.61,2.09
8.56,1.47,5.31,6.5,4.12,8.84,2.36,3.64,3.3,8.7,2.04,2.89,5.29,3.98,7.49,9.73,5.91,6.39,1.01,2.47
6.69,1.03,5.15,10.12,4.29,8.58,1.89,5.32,4.12,7.72,2.06,1.2,5.15,2.23,9.95,4.63,3.43,10.81,1.37,4.29
6.27,0.62,6.19,6.89,2.63,5.5,1.93,3.95,5.96,7.89,1.08,2.63,10.29,4.57,6.5,13.0,5.88,4.41,0.93,2.86
9.24,0.66,6.93,4.29,4.95,4.95,2.64,6.27,4.95,14.19,2.31,2.97,6.6,6.27,4.29,5.61,4.95,4.29,0.99,2.64
4.0,0.0,2.0,4.0,2.0,2.0,10.0,4.0,6.0,6.0,4.0,10.0,2.0,6.0,12.0,12.0,6.0,2.0,4.0,2.0
6.19,2.06,5.81,5.72,4.22,4.69,2.53,8.43,5.53,8.43,3.09,5.34,4.4,4.22,4.69,6.37,5.62,7.69,0.75,4.22
10.53,0.0,7.02,7.89,3.51,2.63,2.63,1.75,4.39,6.14,2.63,10.53,3.51,3.51,5.26,13.16,2.63,5.26,1.75,5.26
14.19,0.97,5.48,3.23,5.48,6.77,2.26,2.26,2.9,12.58,1.61,1.61,3.87,3.23,11.61,6.13,6.13,5.81,0.32,3.55
4.2,2.52,6.16,8.12,2.24,6.16,2.8,5.6,7.28,5.6,1.68,7.28,3.36,5.32,7.28,9.8,6.44,5.32,1.4,1.4
7.08,2.29,6.04,5.42,3.75,6.04,2.29,3.96,5.42,10.62,2.5,3.33,6.46,3.33,7.71,6.67,4.79,6.88,1.46,3.96
7.87,7.3,5.62,5.62,2.25,7.3,2.81,7.3,5.06,8.99,1.69,1.69,6.18,2.81,8.99,4.49,5.06,6.74,0.0,2.25
4.75,1.9,8.23,13.92,4.11,5.06,0.95,5.06,6.65,9.81,3.16,3.8,3.48,6.01,4.11,7.28,4.11,5.7,0.32,1.58
5.43,0.9,5.43,7.69,4.07,4.07,0.45,12.22,10.86,8.6,1.36,2.71,1.81,3.62,3.62,7.69,5.43,8.14,0.0,5.88
7.25,0.0,5.07,2.17,5.07,13.77,1.45,6.52,9.42,7.97,3.62,3.62,0.72,2.9,2.17,7.97,4.35,11.59,0.72,3.62
7.51,0.68,5.12,4.1,3.41,6.48,2.05,10.24,8.19,11.95,1.37,7.51,4.44,3.41,2.05,5.8,5.12,7.51,0.0,3.07
4.69,1.69,1.88,3.94,7.69,3.94,2.25,9.76,3.75,12.38,3.19,4.5,5.25,1.69,3.94,5.63,6.94,7.88,3.38,5.63
6.25,0.69,0.69,1.39,11.81,5.56,3.47,15.28,2.78,17.36,2.78,6.25,1.39,1.39,2.08,5.56,5.56,2.08,1.39,6.25
5.99,1.83,7.32,7.65,3.33,6.82,2.33,4.49,7.82,8.49,1.83,4.99,5.49,3.66,6.49,5.99,5.82,5.82,1.5,2.33
5.5,3.16,4.13,11.69,2.2,5.5,1.79,2.34,8.25,7.84,1.65,3.71,5.5,6.46,6.6,10.87,5.36,5.36,0.83,1.24
7.0,0.0,2.0,11.0,1.0,3.0,4.0,6.0,19.0,6.0,3.0,5.0,3.0,5.0,8.0,9.0,1.0,4.0,0.0,3.0
10.62,0.62,5.62,6.88,5.0,8.12,1.88,5.62,9.38,10.0,8.12,3.75,2.5,3.12,1.88,1.88,5.62,5.62,0.62,3.12
4.56,1.24,6.22,7.05,7.05,3.32,3.32,8.3,5.81,8.3,1.66,2.9,4.56,3.32,9.13,4.98,8.3,7.47,0.83,1.66
7.0,1.34,4.62,7.6,3.58,6.26,2.38,7.15,7.9,11.48,1.49,3.87,5.07,4.32,4.17,4.92,6.56,5.66,0.75,3.87
10.97,1.45,6.63,8.39,2.48,4.04,1.35,5.18,7.25,8.8,3.11,3.83,2.69,4.97,5.9,7.56,5.49,7.66,0.52,1.76
9.15,1.02,7.46,4.75,2.71,6.44,1.69,9.49,5.76,7.12,2.37,8.81,5.42,4.41,2.71,4.41,5.08,7.46,1.36,2.37
4.9,0.41,7.35,2.45,4.08,10.2,2.04,6.53,2.86,7.76,1.63,11.02,6.12,2.45,4.9,5.71,6.94,9.39,0.0,3.27
8.49,0.94,7.39,4.09,5.03,6.76,2.99,5.19,2.67,10.22,2.52,5.82,4.72,5.66,5.82,5.19,4.56,5.19,2.36,4.4
10.04,2.81,3.21,4.42,7.23,5.62,1.61,6.02,3.61,12.45,3.21,4.02,3.21,3.61,3.21,6.83,4.82,8.43,2.01,3.61
3.45,4.02,1.15,0.57,9.2,1.72,2.3,15.52,5.17,16.67,1.72,3.45,4.02,4.02,1.72,11.49,4.02,0.57,2.87,6.32
7.65,0.79,8.97,8.71,1.85,6.86,1.32,3.69,9.76,3.69,3.43,5.54,3.43,2.9,7.39,9.23,4.49,5.01,1.58,3.69
7.56,1.93,2.28,3.16,6.68,5.45,2.81,6.85,3.16,15.99,3.51,1.23,2.99,2.28,4.39,11.25,4.75,9.31,1.93,2.46
7.32,0.96,1.59,5.1,4.46,11.46,0.96,6.05,7.96,7.64,2.87,5.73,3.5,2.87,4.46,6.69,7.64,7.96,2.23,2.55
8.97,2.07,2.53,3.68,4.83,5.75,2.53,6.9,3.22,7.13,3.45,2.53,6.67,4.6,3.91,11.03,7.59,7.13,2.07,3.45
5.01,0.47,8.29,5.79,4.69,5.95,3.29,6.57,6.57,10.64,3.29,3.44,4.85,2.5,5.32,6.57,5.63,5.95,2.03,3.13
5.15,0.0,5.15,3.09,6.19,5.15,0.0,7.22,5.15,12.37,4.12,9.28,0.0,3.09,7.22,14.43,6.19,3.09,1.03,2.06
2.35,1.18,5.1,3.27,3.14,5.23,3.4,7.19,4.71,7.58,1.57,16.08,5.75,3.66,3.14,13.59,5.75,4.58,0.26,2.48
6.1,1.57,5.71,8.07,4.13,5.31,2.56,11.61,6.5,9.25,0.98,6.1,2.76,4.13,4.92,6.89,5.12,5.31,0.79,2.17
2.17,1.21,4.59,5.1,3.63,4.24,1.82,7.52,6.36,12.71,1.82,9.03,4.29,6.21,2.83,12.66,5.95,4.99,0.45,2.42
4.86,1.7,4.3,8.37,3.96,6.11,1.81,3.96,7.13,10.41,1.81,4.19,7.69,2.83,7.24,10.07,4.3,7.24,0.57,1.47
6.08,0.35,5.73,8.68,3.82,8.16,1.04,5.9,6.77,10.24,2.95,4.51,4.86,1.74,6.08,4.51,4.69,8.51,0.87,4.51
5.42,1.97,5.42,7.39,4.93,3.94,2.46,8.87,5.42,7.88,4.93,2.46,7.39,2.96,5.91,9.36,4.93,4.93,0.99,2.46
8.88,0.76,7.18,4.91,4.54,5.67,2.46,4.54,3.97,11.72,3.4,1.7,6.43,4.16,6.62,6.24,5.1,6.99,1.89,2.84
3.81,3.81,1.9,0.0,8.57,4.76,8.57,7.62,1.9,11.43,2.86,4.76,2.86,1.9,6.67,14.29,6.67,4.76,0.0,2.86
6.16,1.97,3.67,5.64,3.93,4.46,1.97,8.65,8.91,10.22,1.83,7.73,3.01,4.19,4.72,7.99,4.19,4.46,0.52,5.77
19.15,0.71,2.13,1.42,7.09,7.09,0.0,6.38,3.55,15.6,2.13,2.13,2.13,3.55,2.84,5.67,4.26,9.22,4.26,0.71
12.08,0.67,4.03,6.04,4.03,4.7,2.68,6.71,10.74,6.71,2.68,5.37,4.03,5.37,0.67,7.38,6.04,5.37,1.34,3.36
12.45,0.19,10.19,11.32,2.08,5.09,0.75,3.77,8.68,7.55,2.08,2.64,4.53,4.53,4.15,4.53,5.85,8.49,0.38,0.75
6.57,1.38,4.73,11.3,3.69,3.58,3.11,4.5,9.46,8.88,2.77,4.15,5.54,6.11,4.15,8.54,4.5,4.84,0.92,1.27
4.37,1.16,5.24,8.01,4.51,3.49,2.18,6.4,8.44,9.61,2.62,8.01,2.77,2.91,3.49,11.21,5.68,4.8,1.6,3.49
8.76,2.58,2.75,4.47,7.04,6.19,1.72,6.53,3.09,13.57,4.64,3.78,4.64,2.06,3.44,7.9,4.3,8.76,2.06,1.72
5.16,1.41,7.04,8.92,3.29,5.16,2.35,5.63,6.57,13.15,1.41,6.57,4.23,2.82,5.63,6.57,5.16,7.51,0.47,0.94
7.7,1.44,5.3,4.98,5.46,11.4,1.61,5.78,5.78,7.87,1.28,8.03,2.41,3.21,3.53,7.22,6.26,5.78,1.12,3.85
7.62,1.9,7.94,3.81,4.44,6.03,5.71,5.71,5.71,10.16,2.22,4.44,5.4,6.35,6.03,5.4,3.49,5.08,0.95,1.59
12.84,3.04,7.43,3.04,3.04,7.77,2.03,4.73,3.72,11.49,1.35,2.03,4.39,4.39,6.42,8.45,4.05,8.45,0.68,0.68
7.82,0.0,3.76,3.76,7.98,8.61,1.25,10.49,6.73,9.39,2.5,4.85,2.35,2.35,1.88,6.1,6.89,9.08,1.41,2.82
5.99,1.75,4.74,8.98,2.0,3.99,0.5,4.74,4.74,5.74,2.24,4.99,6.98,3.99,10.22,14.46,6.48,6.48,0.25,0.75
8.86,3.8,4.75,6.01,3.16,6.65,2.85,3.16,6.33,5.7,1.9,4.75,4.11,3.48,5.06,11.08,7.28,8.23,0.95,1.9
7.35,1.02,6.64,5.21,4.6,8.99,2.04,4.8,5.52,8.07,2.66,5.21,5.31,3.06,3.98,11.34,4.39,6.33,0.82,2.66
10.0,2.63,5.79,4.74,4.21,7.37,1.58,6.32,7.37,3.16,4.21,6.32,6.84,2.63,6.32,3.68,5.79,5.26,1.58,4.21
2.0,1.25,6.84,6.09,3.84,5.26,2.34,7.76,7.6,9.68,1.34,12.6,3.26,3.17,2.84,12.19,4.67,4.17,0.58,2.5
7.2,2.4,3.2,5.6,8.8,4.0,4.0,7.2,8.8,7.2,2.4,9.6,4.8,4.0,5.6,7.2,1.6,4.8,0.8,0.8
16.28,0.0,4.65,5.43,4.65,10.08,2.33,3.88,6.2,12.4,1.55,0.0,5.43,6.2,0.78,6.98,3.1,9.3,0.0,0.78
8.85,0.66,1.77,1.55,8.19,9.51,1.77,8.85,3.54,15.49,4.2,1.99,3.32,2.88,2.88,9.29,5.31,7.08,1.11,1.77
9.71,0.0,4.85,4.85,4.85,11.65,1.94,3.88,4.85,13.59,2.91,2.91,3.88,2.91,4.85,5.83,7.77,4.85,2.91,0.97
4.96,0.83,4.13,10.74,4.13,11.57,4.96,6.61,6.61,9.09,4.96,4.13,3.31,0.0,4.13,7.44,4.13,6.61,0.0,1.65
5.64,1.5,2.26,1.88,12.41,5.26,1.5,5.64,5.26,10.9,2.26,6.39,3.38,2.63,2.26,7.14,5.26,7.52,3.01,7.89
9.43,1.35,7.41,5.72,4.04,5.72,2.02,4.71,8.08,7.41,1.68,5.72,2.36,4.38,3.03,7.74,4.38,5.72,2.69,6.4
8.54,1.58,6.33,6.65,4.75,6.01,4.11,6.96,5.38,7.91,1.58,4.11,4.11,1.9,5.7,6.65,5.06,6.65,0.95,5.06
14.34,1.23,2.87,0.82,10.25,8.61,2.46,4.1,3.28,13.11,2.46,0.82,4.92,1.23,6.97,6.97,4.1,5.33,3.28,2.87
4.84,0.69,4.84,5.88,5.19,5.54,1.38,7.61,5.19,9.0,1.73,6.23,5.19,5.19,3.11,6.23,8.3,6.23,2.08,5.54
7.62,2.07,5.55,5.83,4.42,7.06,2.07,6.4,4.52,8.75,1.6,5.27,6.4,4.61,4.33,6.77,4.61,7.62,1.13,3.39
1.56,3.12,5.21,9.9,4.17,3.12,2.6,6.25,11.46,10.94,1.04,6.25,6.77,5.73,4.17,7.29,5.73,1.04,1.04,2.6
8.04,1.93,7.56,7.07,3.05,5.95,2.09,4.34,5.79,9.49,1.61,4.34,2.73,5.31,7.88,9.65,4.98,5.14,1.61,1.45
7.97,2.16,4.31,5.82,2.37,6.9,2.59,6.03,5.82,12.07,2.8,7.33,3.23,4.09,3.45,7.76,4.31,6.03,0.86,4.09
6.04,2.42,5.44,4.53,2.42,6.65,3.02,7.25,6.04,10.88,1.81,3.63,5.44,2.42,5.74,10.57,6.95,4.83,1.21,2.72
10.38,1.28,4.31,4.95,5.75,4.63,1.76,5.75,2.72,11.02,3.67,4.15,7.19,3.83,5.11,5.75,7.03,7.19,0.8,2.72
4.71,2.35,2.35,3.53,8.24,4.71,1.18,8.24,5.88,10.59,1.18,1.18,1.18,4.71,8.24,10.59,4.71,10.59,2.35,3.53
3.96,1.27,5.55,4.6,6.66,4.28,3.65,7.77,7.92,9.03,3.49,7.29,3.49,3.01,5.07,6.02,5.55,4.44,2.38,4.6
2.22,0.14,5.28,6.53,2.08,5.83,3.33,5.0,4.03,4.31,1.53,5.83,5.69,15.56,3.75,12.36,8.19,4.03,0.28,4.03
11.96,0.54,2.17,5.98,4.89,8.7,2.17,10.33,2.72,13.59,3.26,2.17,2.72,2.17,3.26,4.89,3.26,10.87,1.09,3.26
5.41,0.0,4.05,8.11,1.35,7.43,0.0,13.51,1.35,7.43,2.03,4.73,2.7,4.05,2.7,4.73,14.86,11.49,0.68,3.38
12.93,2.04,5.44,8.16,2.72,8.84,2.72,6.12,2.72,5.44,2.72,2.04,5.44,2.72,6.8,4.08,3.4,11.56,1.36,2.72
2.13,1.42,5.32,12.41,5.32,5.32,3.19,5.67,8.51,9.22,3.19,5.32,2.84,4.61,5.67,6.38,4.61,5.32,1.42,2.13
4.95,1.65,4.29,6.27,6.27,3.96,1.98,5.45,10.07,10.23,1.82,6.6,3.3,3.3,6.93,7.76,6.27,4.79,0.66,3.47
5.42,0.0,5.83,10.0,6.25,3.75,0.0,10.0,13.33,9.17,1.25,5.42,5.0,0.0,3.33,3.75,6.67,6.67,0.42,3.75
5.53,2.77,3.16,2.37,4.74,13.44,2.77,2.77,2.77,5.14,1.58,5.93,6.32,2.77,4.35,13.83,9.49,6.72,1.58,1.98
3.7,0.37,4.81,7.78,3.33,3.7,2.22,8.15,8.52,11.11,1.85,7.04,1.48,6.3,3.7,8.89,5.19,7.78,0.0,4.07
3.2,5.94,3.65,6.39,7.76,5.02,0.46,4.57,5.02,7.76,2.74,6.85,3.65,5.02,3.2,10.96,6.39,5.48,3.2,2.74
9.3,3.1,7.75,5.43,1.55,2.33,0.78,5.43,8.53,13.18,0.78,5.43,3.88,3.88,3.1,10.08,4.65,9.3,0.78,0.78
10.48,2.18,7.86,5.68,2.18,6.55,6.11,6.55,1.31,9.17,3.06,1.75,8.3,3.49,6.11,6.11,5.24,5.24,1.31,1.31
7.92,3.13,5.34,7.18,4.05,5.16,3.68,4.24,4.24,10.5,1.66,4.24,3.13,3.5,4.97,8.47,5.71,7.55,1.84,3.5
10.48,2.42,4.03,4.57,2.69,5.11,4.84,4.03,2.96,9.68,0.81,3.23,9.14,2.69,4.03,6.72,9.14,7.26,2.96,3.23
5.52,1.62,2.92,5.84,5.03,7.31,2.27,6.98,5.68,12.01,2.44,3.08,4.71,3.08,6.01,9.9,5.84,6.49,1.95,1.3
4.17,3.33,1.67,4.17,9.17,4.17,1.67,9.17,7.5,10.0,1.67,4.17,2.5,1.67,4.17,12.5,6.67,6.67,0.0,5.0
16.03,1.92,3.21,3.85,5.77,7.69,3.85,5.13,1.92,12.82,2.56,1.28,5.13,1.28,6.41,3.21,5.13,7.69,1.92,3.21
4.37,0.0,7.77,12.14,2.43,3.4,2.91,4.85,10.68,5.83,2.43,7.28,4.37,4.37,5.34,9.71,2.91,4.37,1.46,3.4
4.46,0.0,3.96,8.42,2.48,5.45,1.49,9.41,8.91,8.91,3.96,6.44,2.97,6.44,7.43,5.45,2.97,7.43,0.0,3.47
5.95,1.37,5.72,7.55,3.2,3.2,2.52,3.66,9.61,8.47,2.06,3.89,6.18,5.03,3.66,14.19,5.95,4.12,1.37,2.29
3.26,2.06,8.06,4.97,3.95,7.03,3.09,5.66,3.77,11.15,2.23,4.63,5.32,4.8,4.8,9.61,4.46,6.69,0.86,3.6
5.12,1.75,5.12,5.85,5.41,6.58,2.78,5.56,6.14,7.6,3.65,3.8,5.41,3.51,6.14,9.06,4.68,6.58,2.19,3.07
9.09,3.41,1.14,4.55,3.41,3.41,3.41,4.55,14.77,13.64,1.14,3.41,2.27,3.41,11.36,6.82,2.27,7.95,0.0,0.0
5.62,1.69,4.49,9.69,3.93,3.23,1.83,7.44,5.62,10.96,1.12,4.63,6.74,3.37,4.92,11.1,4.49,7.16,0.42,1.54
12.4,0.0,5.43,3.88,4.65,6.98,1.55,8.53,8.53,10.08,4.65,3.88,3.1,6.98,3.1,3.88,6.2,6.2,0.0,0.0
